,year,success
0,1970,651
1,1971,470
2,1972,496
3,1973,473
4,1974,580
5,1975,740
6,1976,923
7,1977,1319
8,1978,1526
9,1979,2661
10,1980,2662
11,1981,2585
12,1982,2545
13,1983,2870
14,1984,3495
15,1985,2915
16,1986,2860
17,1987,3184
18,1988,3720
19,1989,4323
20,1990,3887
21,1991,4683
22,1992,5073
23,1994,3458
24,1995,3081
25,1996,3056
26,1997,3200
27,1998,933
28,1999,1395
29,2000,1813
30,2001,1907
31,2002,1332
32,2003,1262
33,2004,1162
34,2005,2009
35,2006,2749
36,2007,3241
37,2008,4803
38,2009,4719
39,2010,4822
40,2011,5071
41,2012,8500
42,2013,11996
43,2014,16860
44,2015,14852
45,2016,13488
